0	0
0.5	0
1	0
1.5	0
2	0
2.5	0
3	0
3.5	0
4	5.20952E-5
4.5	1.26188E-4
5	2.02971E-4
5.5	2.82541E-4
6	3.65001E-4
6.5	4.50453E-4
7	5.39008E-4
7.08709	5.54758E-4
7.14715	5.65677E-4
7.20721	5.76642E-4
7.26727	5.87655E-4
7.32733	5.98715E-4
7.38739	6.09823E-4
7.44745	6.20978E-4
7.5	6.30778E-4
7.50751	6.32181E-4
7.56757	6.43433E-4
7.62763	6.54732E-4
7.68769	6.6608E-4
7.74775	6.77477E-4
7.80781	6.88923E-4
7.86787	7.00417E-4
7.92793	7.11961E-4
7.98799	7.23555E-4
8	7.2588E-4
8.04805	7.35199E-4
8.10811	7.46892E-4
8.16817	7.58636E-4
8.22823	7.7043E-4
8.28829	7.82274E-4
8.34835	7.9417E-4
8.40841	8.06117E-4
8.46847	8.18114E-4
8.5	8.24434E-4
8.52853	8.30164E-4
8.58859	8.42265E-4
8.64865	8.54418E-4
8.70871	8.66623E-4
8.76877	8.78881E-4
8.82883	8.91191E-4
8.88889	9.03554E-4
8.94895	9.1597E-4
9	9.26566E-4
9.00901	9.2844E-4
9.06907	9.40963E-4
9.12913	9.5354E-4
9.18919	9.6617E-4
9.24925	9.78855E-4
9.30931	9.91595E-4
9.36937	0.001
9.42943	0.00102
9.48949	0.00103
9.5	0.00103
9.54955	0.00104
9.60961	0.00106
9.66967	0.00107
9.72973	0.00108
9.78979	0.0011
9.84985	0.00111
9.90991	0.00112
9.96997	0.00114
10	0.00114
10.03003	0.00115
10.09009	0.00116
10.15015	0.00118
10.21021	0.00119
10.27027	0.0012
10.33033	0.00122
10.39039	0.00123
10.45045	0.00124
10.5	0.00126
10.51051	0.00126
10.57057	0.00127
10.63063	0.00129
10.69069	0.0013
10.75075	0.00131
10.81081	0.00133
10.87087	0.00134
10.93093	0.00136
10.99099	0.00137
11	0.00137
11.05105	0.00139
11.11111	0.0014
11.17117	0.00141
11.23123	0.00143
11.29129	0.00144
11.35135	0.00146
11.41141	0.00147
11.47147	0.00149
11.5	0.0015
11.53153	0.0015
11.59159	0.00152
11.65165	0.00153
11.71171	0.00155
11.77177	0.00156
11.83183	0.00158
11.89189	0.00159
11.95195	0.00161
12	0.00162
12.01201	0.00163
12.07207	0.00164
12.13213	0.00166
12.19219	0.00167
12.25225	0.00169
12.31231	0.0017
12.37237	0.00172
12.43243	0.00174
12.49249	0.00175
12.5	0.00175
12.55255	0.00177
12.61261	0.00178
12.67267	0.0018
12.73273	0.00182
12.79279	0.00183
12.85285	0.00185
12.91291	0.00187
12.97297	0.00188
13	0.00189
13.03303	0.0019
13.09309	0.00191
13.15315	0.00193
13.21321	0.00195
13.27327	0.00197
13.33333	0.00198
13.39339	0.002
13.45345	0.00202
13.5	0.00203
13.51351	0.00203
13.57357	0.00205
13.63363	0.00207
13.69369	0.00209
13.75375	0.0021
13.81381	0.00212
13.87387	0.00214
13.93393	0.00216
13.99399	0.00217
14	0.00218
14.05405	0.00219
14.11411	0.00221
14.17417	0.00223
14.23423	0.00225
14.29429	0.00226
14.35435	0.00228
14.41441	0.0023
14.47447	0.00232
14.5	0.00233
14.53453	0.00234
14.59459	0.00236
14.65465	0.00237
14.71471	0.00239
14.77477	0.00241
14.83483	0.00243
14.89489	0.00245
14.95495	0.00247
15	0.00248
15.01502	0.00249
15.07508	0.00251
15.13514	0.00253
15.1952	0.00255
15.25526	0.00257
15.31532	0.00259
15.37538	0.0026
15.43544	0.00262
15.4955	0.00264
15.5	0.00265
15.55556	0.00266
15.61562	0.00268
15.67568	0.0027
15.73574	0.00272
15.7958	0.00274
15.85586	0.00277
15.91592	0.00279
15.97598	0.00281
16	0.00281
16.03604	0.00283
16.0961	0.00285
16.15616	0.00287
16.21622	0.00289
16.27628	0.00291
16.33634	0.00293
16.3964	0.00295
16.45646	0.00297
16.5	0.00299
16.51652	0.00299
16.57658	0.00302
16.63664	0.00304
16.6967	0.00306
16.75676	0.00308
16.81682	0.0031
16.87688	0.00312
16.93694	0.00315
16.997	0.00317
17	0.00317
17.05706	0.00319
17.11712	0.00321
17.17718	0.00323
17.23724	0.00326
17.2973	0.00328
17.35736	0.0033
17.41742	0.00333
17.47748	0.00335
17.5	0.00336
17.53754	0.00337
17.5976	0.00339
17.65766	0.00342
17.71772	0.00344
17.77778	0.00346
17.83784	0.00349
17.8979	0.00351
17.95796	0.00353
18	0.00355
18.01802	0.00356
18.07808	0.00358
18.13814	0.00361
18.1982	0.00363
18.25826	0.00365
18.31832	0.00368
18.37838	0.0037
18.43844	0.00373
18.4985	0.00375
18.5	0.00375
18.55856	0.00378
18.61862	0.0038
18.67868	0.00383
18.73874	0.00385
18.7988	0.00388
18.85886	0.0039
18.91892	0.00393
18.97898	0.00395
19	0.00396
19.03904	0.00398
19.0991	0.004
19.15916	0.00403
19.21922	0.00405
19.27928	0.00408
19.33934	0.00411
19.3994	0.00413
19.45946	0.00416
19.5	0.00418
19.51952	0.00418
19.57958	0.00421
19.63964	0.00424
19.6997	0.00426
19.75976	0.00429
19.81982	0.00432
19.87988	0.00435
19.93994	0.00437
20	0.0044
20.06006	0.00443
20.12012	0.00445
20.18018	0.00448
20.24024	0.00451
20.3003	0.00454
20.36036	0.00457
20.42042	0.00459
20.48048	0.00462
20.5	0.00463
20.54054	0.00465
20.6006	0.00468
20.66066	0.00471
20.72072	0.00474
20.78078	0.00477
20.84084	0.00479
20.9009	0.00482
20.96096	0.00485
21	0.00487
21.02102	0.00488
21.08108	0.00491
21.14114	0.00494
21.2012	0.00497
21.26126	0.005
21.32132	0.00503
21.38138	0.00506
21.44144	0.00509
21.5	0.00512
21.5015	0.00512
21.56156	0.00515
21.62162	0.00518
21.68168	0.00521
21.74174	0.00524
21.8018	0.00528
21.86186	0.00531
21.92192	0.00534
21.98198	0.00537
22	0.00538
22.04204	0.0054
22.1021	0.00543
22.16216	0.00547
22.22222	0.0055
22.28228	0.00553
22.34234	0.00556
22.4024	0.00559
22.46246	0.00563
22.5	0.00565
22.52252	0.00566
22.58258	0.00569
22.64264	0.00572
22.7027	0.00576
22.76276	0.00579
22.82282	0.00582
22.88288	0.00586
22.94294	0.00589
23	0.00592
23.003	0.00593
23.06306	0.00596
23.12312	0.00599
23.18318	0.00603
23.24324	0.00606
23.3033	0.0061
23.36336	0.00613
23.42342	0.00617
23.48348	0.0062
23.5	0.00621
23.54354	0.00624
23.6036	0.00627
23.66366	0.00631
23.72372	0.00634
23.78378	0.00638
23.84384	0.00641
23.9039	0.00645
23.96396	0.00649
24	0.00651
24.02402	0.00652
24.08408	0.00656
24.14414	0.0066
24.2042	0.00663
24.26426	0.00667
24.32432	0.00671
24.38438	0.00675
24.44444	0.00678
24.5	0.00682
24.5045	0.00682
24.56456	0.00686
24.62462	0.0069
24.68468	0.00693
24.74474	0.00697
24.8048	0.00701
24.86486	0.00705
24.92492	0.00709
24.98498	0.00713
25	0.00714
25.04505	0.00717
25.10511	0.00721
25.16517	0.00725
25.22523	0.00729
25.28529	0.00732
25.34535	0.00736
25.40541	0.0074
25.46547	0.00745
25.5	0.00747
25.52553	0.00749
25.58559	0.00753
25.64565	0.00757
25.70571	0.00761
25.76577	0.00765
25.82583	0.00769
25.88589	0.00773
25.94595	0.00777
26	0.00781
26.00601	0.00782
26.06607	0.00786
26.12613	0.0079
26.18619	0.00794
26.24625	0.00799
26.30631	0.00803
26.36637	0.00807
26.42643	0.00811
26.48649	0.00816
26.5	0.00817
26.54655	0.0082
26.60661	0.00825
26.66667	0.00829
26.72673	0.00833
26.78679	0.00838
26.84685	0.00842
26.90691	0.00847
26.96697	0.00851
27	0.00854
27.02703	0.00856
27.08709	0.0086
27.14715	0.00865
27.20721	0.00869
27.26727	0.00874
27.32733	0.00879
27.38739	0.00883
27.44745	0.00888
27.5	0.00892
27.50751	0.00892
27.56757	0.00897
27.62763	0.00902
27.68769	0.00907
27.74775	0.00911
27.80781	0.00916
27.86787	0.00921
27.92793	0.00926
27.98799	0.0093
28	0.00931
28.04805	0.00935
28.10811	0.0094
28.16817	0.00945
28.22823	0.0095
28.28829	0.00955
28.34835	0.0096
28.40841	0.00965
28.46847	0.0097
28.5	0.00972
28.52853	0.00975
28.58859	0.0098
28.64865	0.00985
28.70871	0.0099
28.76877	0.00995
28.82883	0.01
28.88889	0.01005
28.94895	0.01011
29	0.01015
29.00901	0.01016
29.06907	0.01021
29.12913	0.01026
29.18919	0.01032
29.24925	0.01037
29.30931	0.01042
29.36937	0.01047
29.42943	0.01053
29.48949	0.01058
29.5	0.01059
29.54955	0.01064
29.60961	0.01069
29.66967	0.01074
29.72973	0.0108
29.78979	0.01085
29.84985	0.01091
29.90991	0.01096
29.96997	0.01102
30	0.01105